using System;

namespace Paiaza10_30;
class Class7
{
    static void Main() => Console.WriteLine("1 2 3 4 5 6 7 8 9\r\n" +
        "2 4 6 8 10 12 14 16 18\r\n" +
        "3 6 9 12 15 18 21 24 27\r\n" +
        "4 8 12 16 20 24 28 32 36\r\n" +
        "5 10 15 20 25 30 35 40 45\r\n" +
        "6 12 18 24 30 36 42 48 54\r\n" +
        "7 14 21 28 35 42 49 56 63\r\n" +
        "8 16 24 32 40 48 56 64 72\r\n" +
        "9 18 27 36 45 54 63 72 81");
}